Not Found
61
Not Found
61
Not Found
Not Found

69
74
Not Found
87




Not Found
Not Found
38 82
Not Found
Not Found
23 38 82 99
Not Found
Found
Not Found
Not Found
1 14 38 76 82 99
1 14 38 76 82 99
Not Found
Not Found
1 14 38 76 82 99
1 14 62 82 99
1 14 62 82 99 100
Not Found
Not Found
Not Found
1 61 62 100
Not Found
Not Found
Not Found
Found
Not Found
Found
1 24 62 100
Not Found
1 62 100
1 62
Not Found
89 90
88
Not Found
Not Found
18 32 69 88
Not Found
18 32 55 69 88
14 18 32 55 57 69 81 88
Not Found
14 18 32 55 57 69 81 88
14 18 32 55 57 69 81 88
14 18 32 55 57 69 81 88
Not Found
Not Found
Not Found
Not Found
Not Found
Not Found
Not Found
Found
Not Found
Not Found
16 32 35 55 57 69
Not Found
Not Found
16 32 35 55 57
16 32 35 55 57 69
16 32 35 55 57 69
Not Found
16 35 55 57 69
Not Found
16 35 55 57 69
Not Found
Not Found
Not Found
Not Found
16 20 35 53 55 57 66 69
16 20 35 53 55 57 66 69
Not Found
Not Found
Not Found
Not Found
Not Found
2 16 27 35 45 57 61 62 66 69
2 16 27 35 45 57 61 62 66 69
16 27 35 45 57 61 62 66 69
16 27 35 45 57 61 62 66
16 27 35 45 57 61 62 66
16 27 35 45 57 61 62 66
Not Found
16 27 35 45 57 61 62 66
16 27 35 45 57 61 62 66
5 24 35 56 57 61 62 66
5 24 35 52 56 57 61 62 66
Not Found
Found
Not Found
Not Found
Not Found
Not Found
Not Found
5 24 26 35 37 38 52 56 57 61 62 63 66 72 97 99
5 24 26 35 37 38 52 56 57 61 62 63 66 72 97 99
5 24 26 35 37 38 52 56 57 61 62 63 66 72 97 99
5 24 26 35 37 38 56 57 61 62 63 66 72 97 99
5 24 26 29 35 37 38 56 57 61 62 63 72 97 99
5 24 26 29 35 37 38 56 57 61 62 63 72 97 99
Not Found
5 24 26 29 35 37 38 56 57 62 63 72 97 99
Not Found
Not Found
Not Found
Not Found
4 5 24 26 29 35 37 56 57 62 65 72 97 98 99
4 5 24 26 29 35 37 56 57 62 65 72 97 98 99
Not Found
4 5 24 26 29 35 37 56 57 62 65 72 97 98 99
4 5 24 26 29 35 37 56 57 62 65 72 97 98 99
Not Found
Not Found
Not Found
4 5 20 26 29 35 37 56 57 65 72 97 98 99
Found
3 5 20 26 29 35 37 56 57 65 72 97 98 99
Not Found
Not Found
Not Found
3 5 26 29 35 37 56 57 65 72 97 98 99
Not Found
3 5 29 35 37 46 56 57 65 72 97 98 99
Found
3 5 29 35 37 46 56 57 65 72 97 98 99
Not Found
3 4 5 7 29 37 46 56 58 65 72 97 98 99
3 4 7 29 37 46 56 58 72 97 98 99
3 4 7 37 46 56 58 72 79 97 98 99
3 4 7 26 37 39 46 56 58 70 72 79 97 98 99
3 4 7 26 37 39 46 58 79 97 98 99
Found
3 4 7 26 37 39 46 58 73 79 97 98 99
Not Found
Found
3 4 7 26 37 39 46 67 79 81 89 97 98 99
3 4 7 26 37 39 46 67 79 81 89 97 98 99
Found
Not Found
3 4 7 37 39 67 81 89 97 98 99
Not Found
Not Found
1 31 36 37 39 64 67 75 81 93 97 98
Not Found
1 10 31 36 37 39 48 64 66 67 75 81 93 97 98
1 10 31 36 37 39 48 64 66 67 75 81 93 97 98
Not Found
1 10 19 31 36 37 39 48 50 64 66 67 75 81 93 97 98
1 19 31 36 37 39 48 50 64 66 67 75 81 93 97 98
Not Found
1 19 31 36 37 39 43 48 50 64 66 67 75 81 93 97 98
Not Found
Found
Not Found
Not Found
Found
Not Found
1 15 19 22 23 31 36 37 39 43 48 50 64 66 67 75 81 93 97 98
Not Found
Not Found
Found
Found
1 15 19 23 31 36 37 41 43 48 50 64 66 67 75 81 93 97 98
1 15 19 23 31 36 37 41 43 50 52 64 66 67 74 75 78 93 97 98
1 15 19 23 31 36 37 41 43 50 52 64 66 67 74 75 78 93 97 98
Not Found
1 15 19 23 27 31 34 36 37 41 43 50 52 64 67 74 75 78 86 91 93 97 98
Not Found
Not Found
1 15 19 23 27 33 34 36 41 43 50 52 64 67 74 75 78 79 86 91 93 97 98
1 15 19 23 27 33 34 41 43 50 52 64 67 74 75 78 79 86 91 93 97 98
1 15 19 23 27 33 34 41 43 50 52 64 74 75 78 79 86 91 93 97 98
Not Found
1 15 23 27 33 34 41 43 50 52 64 74 75 78 79 86 91 93 97 98
Not Found
1 15 23 27 33 34 41 43 50 52 64 74 75 78 79 86 91 93 97 98
1 10 15 23 27 33 34 41 43 50 52 64 74 75 78 79 86 91 93 97 98
Not Found
Not Found
Not Found
1 10 15 23 33 34 43 50 52 55 58 64 75 78 86 91 93 97 98
1 10 15 23 34 43 50 52 55 58 78 86 91 93 97 98
Not Found
1 10 15 23 34 50 52 55 58 78 86 91 93 97 98
1 10 15 23 34 50 52 55 58 78 86 91 93 97 98
1 10 15 23 34 50 52 55 58 78 86 91 93 97 98
1 10 15 23 34 50 52 55 58 78 86 91 93 97 98
Found
1 10 15 23 34 42 52 55 58 78 86 91 93 98
Not Found
Not Found
1 10 15 23 34 42 52 55 58 78 86 91 93 98
Not Found
Not Found
Not Found
Not Found
10 12 15 20 23 27 34 42 52 58 78 84 86 91 93 98
Not Found
10 12 15 20 23 27 34 42 52 58 78 84 86 91 93 98
Not Found
10 12 15 23 27 34 42 52 58 62 78 84 86 91 93 98 100
10 12 15 23 27 34 42 52 56 58 62 78 84 85 86 91 93 98 100
Found
Not Found
12 15 20 23 27 33 34 42 52 56 58 62 69 78 84 85 86 91 93 98 100
12 15 20 23 27 33 34 42 52 56 58 62 69 78 84 85 86 91 93 98 100
12 15 20 23 27 33 34 42 52 56 58 62 69 78 84 85 86 91 93 98 100
12 15 20 23 27 33 42 52 56 58 62 69 78 84 85 86 91 93 98
Not Found
12 20 23 27 33 42 52 56 58 62 69 78 84 85 86 91 93 98 100
12 20 23 27 33 42 52 56 58 62 69 78 84 86 91 93 98 100
Found
Found
12 20 23 27 33 36 42 52 56 58 62 78 86 91 93 98 100
Not Found
Not Found
Not Found
12 20 23 27 33 36 42 52 56 58 62 67 78 85 86 91 93 98 100
Not Found
Not Found
Found
7 8 12 20 23 27 33 36 42 52 56 58 62 67 85 86 91 93 98 100
7 8 12 20 23 27 33 36 42 52 56 58 62 67 85 86 91 93 98 100
7 8 12 20 23 27 33 36 42 52 58 62 67 85 86 91 93 98 100
Not Found
Found
7 8 12 20 23 27 33 36 41 42 52 58 62 67 71 85 86 91 93 98 100
Found
Found
2 7 8 12 20 27 33 36 41 42 52 58 62 67 71 85 86 91 93 98 100
2 7 8 12 20 27 33 36 41 42 52 58 62 67 71 85 86 91 93 98 100
Not Found
Not Found
2 7 8 12 20 27 33 36 41 42 45 52 58 62 67 71 85 86 91 93 98 100
2 7 8 12 20 27 33 36 41 42 45 52 58 62 67 71 85 86 91 93 98 100
Not Found
Found
2 7 8 12 20 25 27 33 36 41 42 45 52 58 62 65 67 71 85 91 93 98 100
Not Found
2 7 8 12 20 25 27 33 36 41 42 45 52 58 62 65 67 71 85 91 93 98 100
Not Found
2 7 8 12 20 25 27 33 36 41 42 45 52 58 62 65 67 71 85 91 93 100
Found
2 7 8 12 20 25 27 33 36 41 42 45 52 58 62 65 67 71 85 91 93 100
2 7 8 12 20 25 27 33 36 41 42 45 52 58 62 65 67 71 85 91 93 100
2 7 8 12 20 25 27 33 36 41 42 45 52 58 62 65 67 71 85 91 93 100
2 7 8 12 20 25 27 33 36 41 42 45 52 58 62 65 67 71 85 91 93 100
Not Found
2 7 8 12 20 25 27 33 36 41 42 45 52 58 62 65 67 71 85 91 93 100
2 7 8 12 20 25 27 33 36 41 42 45 52 58 62 65 67 71 85 91 93 100
2 7 8 12 20 27 33 36 41 45 52 58 62 65 67 71 85 91 93 100
2 7 8 12 20 27 33 36 41 45 52 58 62 65 67 71 85 91 93 100
2 7 8 12 20 27 33 36 41 45 52 58 62 65 67 71 85 91 93 100
Not Found
Not Found
2 7 8 12 17 20 27 32 33 36 41 45 52 58 65 67 71 85 93 99 100
2 7 8 12 17 20 27 32 33 36 41 45 52 58 65 67 71 85 93 97 99 100
Not Found
Not Found
Not Found
2 7 8 12 17 20 27 32 33 36 41 45 52 58 65 67 71 93 97 99 100
2 7 8 12 13 17 20 27 31 33 36 41 45 52 58 65 67 71 88 93 97 99 100
Not Found
Not Found
Not Found
2 7 8 12 13 17 20 27 31 33 36 41 45 52 58 67 71 88 93 97 99 100
Not Found
2 7 8 12 13 17 20 27 31 33 36 41 45 52 58 67 71 88 93 97 99 100
Not Found
2 7 8 12 13 17 20 27 31 33 36 41 45 46 52 58 67 71 88 93 97 99 100
2 7 8 12 17 20 27 31 33 36 41 45 46 52 54 58 67 71 88 93 97 99 100
2 7 8 12 17 20 31 33 36 41 45 46 52 54 58 67 71 88 93 97 99 100
2 4 7 8 12 17 31 33 36 41 45 52 54 58 67 71 88 93 97 99 100
2 4 7 8 12 17 31 33 36 41 45 52 54 67 71 88 93 97 99 100
2 4 7 8 12 17 31 33 36 41 45 52 54 67 71 88 93 97 99 100
Not Found
2 4 7 8 12 17 31 33 36 41 45 52 54 67 71 88 93 97 99 100
2 4 7 8 12 17 31 33 36 41 45 52 54 67 71 88 93 97 98 99 100
2 4 7 8 12 17 31 33 36 41 45 52 54 67 71 88 93 97 98 99 100
2 4 8 12 17 31 33 36 41 45 52 54 67 71 76 88 93 97 98 99 100
Not Found
2 4 8 12 17 31 33 36 41 45 52 54 67 71 76 88 93 97 98 99 100
Not Found
Found
2 4 8 11 12 17 31 33 36 41 44 45 52 54 67 71 76 88 93 97 98 99 100
2 4 8 11 12 17 31 33 36 41 44 45 52 54 67 71 76 88 93 97 98 99 100
2 4 8 11 12 17 21 31 33 36 41 44 45 52 54 67 71 76 88 93 97 98 99 100
2 4 8 11 12 17 21 28 31 33 36 41 44 45 52 54 67 71 76 88 93 97 98 99 100
Not Found
2 4 8 11 12 17 21 28 31 33 36 44 45 52 67 71 76 88 93 97 98 99 100
Not Found
2 4 8 11 12 17 21 28 31 33 36 44 45 52 67 71 76 88 93 97 98 99 100
2 4 8 11 12 17 21 28 31 33 36 44 45 52 67 71 76 88 93 97 98 99 100
2 3 4 8 11 12 16 17 21 28 31 33 36 44 45 52 67 71 76 88 93 97 98 99 100
2 3 4 8 11 12 16 17 21 28 31 33 36 44 45 52 67 71 76 88 93 97 98 99 100
Not Found
Not Found
Not Found
Not Found
Not Found
3 8 12 13 16 17 21 28 33 35 36 39 52 65 71 76 88 89 93 97 98 100
3 8 12 13 16 17 21 28 33 35 36 39 52 65 71 76 88 89 93 97 100
Not Found
3 8 12 13 16 17 21 28 33 35 36 39 52 65 71 76 88 89 93 97 100
3 8 12 13 16 17 21 28 33 35 36 39 52 65 71 76 88 89 93 97 100
3 8 12 13 16 17 21 28 33 35 36 39 49 52 65 71 76 88 89 93 97 100
Not Found
Not Found
Not Found
3 8 12 13 16 17 21 28 33 35 36 46 49 52 65 71 76 89 93 97 100
Not Found
Not Found
3 8 12 13 16 17 21 28 33 36 46 49 52 65 71 76 89 93 97 100
Not Found
Found
Not Found
Not Found
3 8 12 13 17 21 28 33 36 46 49 52 65 71 76 89 90 93 97 100
Not Found
3 8 12 13 17 21 28 32 33 36 46 49 52 65 71 76 89 90 93 97 100
3 8 12 13 17 21 28 32 33 36 46 49 52 65 71 76 89 90 93 97 100
3 8 12 13 17 21 28 32 33 36 46 49 52 65 71 76 89 90 93 97 100
3 12 13 17 21 28 32 33 36 49 52 65 71 76 89 90 93 97 100
3 12 13 17 21 28 32 33 36 49 52 65 71 76 89 90 93 97 100
Found
Not Found
Not Found
3 12 13 17 21 32 36 65 68 71 76 89 90 95 100
Found
Not Found
3 13 17 21 32 36 65 68 71 76 87 89 90 95 100
Not Found
3 13 17 21 32 36 41 65 68 71 76 87 89 90 95 100
3 13 17 21 32 36 41 65 68 71 76 87 89 95 100
3 13 17 21 32 36 41 65 71 76 87 89 95 100
Not Found
Not Found
3 17 21 32 36 41 65 71 76 87 89 95 100
17 21 32 36 41 47 65 71 76 87 89
Found
Not Found
Not Found
17 32 36 41 45 47 65 68 71 75 89
Not Found
17 32 36 41 45 47 65 68 71 75 89
17 32 36 41 45 47 65 68 71 75 89
17 32 36 41 45 47 65 68 71 75 89
Not Found
Found
Not Found
Not Found
17 28 32 36 41 65 68 71 75 89
Not Found
Not Found
Not Found
Not Found
7 17 28 32 34 36 41 65 66 68 75 89
Not Found
Not Found
Not Found
Not Found
Not Found
Not Found
Not Found
7 17 24 27 28 65 66 74 75 80 82 85 88 89 91
7 17 24 27 28 65 66 74 75 80 82 85 88 89 91
Not Found
7 17 24 28 65 66 74 75 80 82 85 88 89 91
7 17 24 28 65 66 74 75 80 82 85 88 89 91
7 17 24 28 65 66 74 75 80 82 85 88 89 91
Not Found
7 17 24 28 44 46 65 66 74 75 80 82 85 86 88 89 91
Not Found
7 17 22 24 28 44 46 65 66 74 75 80 85 86 88 89 91 92 95
Not Found
Not Found
Found
7 17 22 24 28 44 46 65 66 74 80 85 88 89 90 91 92 95 96
7 17 22 24 28 44 46 65 66 74 80 85 88 89 90 91 92 95 96
Not Found
Not Found
7 17 22 24 28 35 44 46 65 66 74 80 85 88 89 90 91 92 96
7 17 22 24 28 35 44 46 65 66 74 80 85 88 89 90 91 92 96
Not Found
Not Found
Found
Not Found
Found
Not Found
7 17 22 24 28 30 35 36 37 44 46 48 49 65 66 67 72 74 80 85 88 89 90 92
Not Found
Not Found
7 9 17 22 24 28 30 36 37 44 46 48 49 65 66 72 74 80 85 88 89 90 92
Not Found
7 9 17 22 24 28 30 37 44 46 48 49 65 66 72 74 80 85 88 89 90 92
6 7 9 17 22 24 28 37 44 46 48 49 65 66 72 74 80 85 88 89 90 92
6 7 9 17 22 24 28 37 44 46 48 49 65 66 72 74 80 85 88 89 90 92
6 7 9 17 22 24 28 37 38 44 46 48 49 65 66 72 74 80 85 88 89 90 92
2 6 7 9 17 22 24 28 37 38 44 46 48 49 65 66 72 74 80 85 88 89 90 92
Not Found
Found
Not Found
Found
Not Found
2 7 9 11 16 17 24 28 37 38 44 46 48 49 55 65 66 72 74 80 85 89 90 92
Not Found
Not Found
2 7 9 11 16 17 21 24 28 37 38 44 46 48 49 50 55 56 66 72 74 80 85 89 90 92
2 7 9 11 16 17 21 24 28 37 38 44 48 49 50 55 56 66 72 77 80 85 89 90 92
2 7 9 11 16 17 21 24 28 37 38 44 48 49 50 55 56 66 72 77 80 85 89 90 92
Found
2 7 9 11 16 17 21 24 28 37 38 44 45 48 49 50 55 56 66 72 77 80 85 89 90 92
Not Found
Found
Not Found
2 7 9 11 13 16 17 24 25 26 28 37 38 44 45 48 49 50 55 56 62 66 72 77 80 85 90 92 100
Found
2 7 9 11 13 16 17 24 25 26 28 37 38 44 45 48 49 50 55 56 62 66 72 77 80 85 90 92 100
2 7 9 11 13 16 17 24 25 26 28 37 38 44 45 48 49 50 55 56 62 66 72 77 80 85 90 92 100
Not Found
2 7 9 11 13 16 17 20 24 25 26 28 37 38 44 45 48 49 50 54 56 60 62 66 77 80 85 89 90 100
Found
2 3 7 9 11 13 16 17 20 24 25 26 28 37 38 44 45 48 49 50 54 56 60 62 65 66 77 80 85 89 90 100
Not Found
2 3 7 9 11 13 16 17 20 24 25 26 28 37 38 44 45 48 49 50 54 56 60 62 65 66 77 80 81 85 90 100
2 3 7 9 11 13 16 17 20 24 25 26 28 37 38 44 45 48 49 50 54 56 60 62 65 66 77 80 81 85 90 100
2 3 7 9 11 13 16 17 20 24 25 26 28 31 37 38 44 45 48 49 50 54 56 60 62 65 66 76 77 80 81 85 90 100
2 3 7 9 11 13 16 17 20 24 25 26 28 31 37 38 44 45 48 49 50 54 56 60 62 65 66 76 77 80 81 85 90 100
Found
2 3 7 9 11 13 16 17 20 24 25 26 28 31 37 38 44 45 49 50 54 56 60 62 65 66 74 76 77 80 85 90 100
Not Found
Not Found
Not Found
Not Found
2 3 7 9 11 13 16 17 20 24 25 26 28 29 31 36 37 38 44 45 49 50 54 56 60 62 64 65 66 74 76 77 78 80 84 85 90 100
2 3 7 9 11 13 16 17 18 20 24 25 26 28 29 31 36 37 38 44 45 49 50 54 56 60 62 64 65 66 74 76 77 78 80 84 85 90 100
Found
Found
1 2 3 7 9 10 11 13 16 17 18 20 24 25 26 28 29 31 36 37 38 44 45 49 50 52 54 56 60 62 64 65 66 72 74 76 77 78 80 84 85 90 100
Found
1 2 3 7 9 10 11 13 16 17 18 20 24 25 26 28 29 31 36 37 38 39 44 45 50 52 54 56 60 62 64 65 66 72 74 76 78 80 82 84 90 100
Not Found
Not Found
Not Found
Found
Not Found
Not Found
1 2 3 7 9 11 13 16 17 18 20 25 26 28 29 31 36 38 39 44 45 50 52 54 56 62 64 66 70 72 74 76 78 80 82 84 90 100
Found
Not Found
1 2 3 7 9 10 11 13 16 17 18 20 25 26 28 29 31 36 38 39 44 45 50 52 54 56 62 64 66 68 70 72 74 76 78 79 80 82 84 90 92 93 99 100
1 2 3 7 9 10 11 13 16 17 18 20 25 26 28 29 31 36 38 39 44 45 50 52 54 56 62 64 66 68 70 72 74 76 78 79 80 82 84 90 92 93 99 100
1 2 3 7 9 10 11 13 16 17 18 20 25 26 28 29 31 36 38 39 44 45 50 52 54 56 62 64 66 68 70 72 74 76 78 79 80 82 84 90 92 93 99 100
Not Found
Not Found
Not Found
1 2 3 7 9 10 11 13 16 17 18 20 25 28 29 31 36 38 39 44 45 50 51 52 54 56 62 64 66 68 70 72 74 76 78 79 80 82 84 90 92 93 99 100
Not Found
1 2 3 7 10 11 13 16 17 18 20 25 28 29 31 36 38 39 44 45 50 51 52 54 56 62 64 66 68 70 72 74 76 78 79 80 82 84 90 92 93 99 100
1 2 3 7 10 11 13 16 17 18 20 25 28 29 31 36 38 39 44 45 50 51 52 54 56 62 64 66 68 70 72 74 76 78 79 80 82 84 90 92 93 99 100
1 2 3 7 10 11 13 16 17 18 20 25 28 29 31 36 38 39 45 50 51 52 54 56 62 64 66 68 69 70 72 74 76 78 79 80 84 90 92 93 99 100
1 2 7 10 11 13 16 17 18 20 25 28 29 31 36 38 39 45 50 51 52 54 62 64 68 69 70 72 74 76 78 79 80 84 90 92 93 99 100
1 2 7 10 11 13 16 17 18 20 25 28 29 31 36 38 39 45 50 51 52 54 62 64 70 72 74 76 78 79 80 84 90 93 99 100
Not Found
1 2 7 10 11 13 16 17 18 19 20 25 28 29 31 36 38 39 45 50 51 52 54 62 64 68 70 72 74 76 78 79 80 84 90 93 99 100
Found
Found
Not Found
1 2 7 10 11 13 16 17 19 20 25 28 29 31 36 38 39 45 50 51 52 54 61 62 68 70 72 74 76 78 79 80 84 87 88 90 92 93 96 99 100
1 2 7 11 13 16 17 19 20 28 29 31 36 38 39 41 45 50 51 52 54 61 62 68 70 72 74 76 78 79 80 84 87 88 90 92 93 96 100
Not Found
Not Found
Not Found
1 2 7 11 13 14 16 17 19 20 23 28 29 31 34 36 38 39 40 45 51 52 54 61 62 68 70 72 74 76 78 80 82 84 87 88 90 92 93 96 100
Not Found
Not Found
Not Found
Found
Found
Not Found
Found
Not Found
